2017 01 2017.042   26.1   2.5   830  
2017 02 2017.122   26.4   3.7   542  
2017 03 2017.204   17.7   2.6  1011  
2017 04 2017.286   32.3   3.7   920  
2017 05 2017.371   18.9   1.8  1101  
2017 06 2017.453   19.2   1.4  1136  
2017 07 2017.538   17.8   2.6  1093  
2017 08 2017.623   32.6   2.9  1002  
2017 09 2017.705   43.7   4.1   973  
2017 10 2017.790   13.2   1.0  1125  
2017 11 2017.873    5.7   0.5   997  
2017 12 2017.958    8.2   1.2   714  
2018 01 2018.042    6.8   1.5   701  
2018 02 2018.122   10.7   1.1   917  
2018 03 2018.204    2.5   0.4  1081  
2018 04 2018.286    8.9   1.3   996  
2018 05 2018.371   13.1   1.6  1234  
2018 06 2018.453   15.6   1.6  1070  
2018 07 2018.538    1.6   0.6  1438  
2018 08 2018.623    8.7   1.0  1297  
2018 09 2018.705    3.3   0.6  1223  
2018 10 2018.790    4.9   1.2  1097  
2018 11 2018.873    4.9   0.6   771  
2018 12 2018.958    3.1   0.5   786  
